7
13.4022837213155
-1.61503743022512
1.66073862721194
5.30119238347511
3.94579364100774
9.57693480521902
3.52135825699993
2.9175494774127
14.065498332541
-3.68955286413958
2.03330096897305
5.92737130118795
8.53490433323719
10.929936076563
3.04767168260204
-5.36910000248311
11.185617007755
4.41966386754712
4.26900742106268
8.82155049462943
2.05969161115294
9.70942361193153
2.10482025275592
-3.56875595339803
9.0906395129156
12.8271237389012
2.69932138189547
7.17255061711734
-5.10976377364134
8.13288612506177
9.68659840943449
0.935226134541603
6.80167321720565
9.28633744932555
1.43093979323508
4.94653063336603
-1.15246553664891
5.40323011640312
17.7997333265565
-0.00966461023147946
2.51181055976496
2.4424086713079
4.14413501209147
9.03693325882639
5.82190030808872
0.0883287654759544
14.5178220970528
0.304809059971092
-0.0938397835267182
5.18863562446874
4.99739861390089
13.9151206097204
5.3493235383801
-4.51457440601226
6.13668030064539
7.64216819642806
2.25511247008147
10.7971183825036
0.00745896077380159
10.415855030173
5.00897291395165
-3.98901041148528
4.98970969360968
12.5247408967756
5.45072295088357
8.21806779350951
-3.59472033625997
2.52678821724155
12.9276045288776
0.28770790646973
7.01607438405205
7.51296055662181
4.39860328259677
4.69881592936409
0.433627659243936
-0.312447620359132
18.5153901897437
3.7647856967881
2.69082762682239
2.27533401957749
1.27508481903068
10.0862431227614
6.56865552540814
0.0662726844749741
11.5194139379727
5.75917894420172
-2.04925771316262
5.96090522862234
0.445258871946471
14.9092281318885
8.54819032279074
-2.76527440183953
2.38903805182985
7.99893611098178
2.36770724687788
10.8993099481529
0.737624956008585
7.46698546057692
9.93859229455772
-4.66089782186518
3.24379118635358
9.1059674313568
8.43026380094718
8.87190039899314
-0.0477089446272001
-3.0014198513566
14.0153581025773
1.22254525807393
6.44632169471179
7.06404521865909
4.52419100921207
6.7517175037417
1.24083311132791
-3.05089588796433
14.7293880608833
9.08344279895781
2.10684709290412
4.6721315904303
-2.95967260879419
10.6729367055514
7.28078591478096
1.01627786153084
8.11860759165412
9.30246655682017
-1.60676371792159
6.01009241795537
-1.8245277656112
11.6779624397224
