5
14.3304297381157
1.81466815381671
-2.92529725394385
2.17517104502704
9.00820207849088
3.8173014223862
3.79249758235049
11.1341110014002
2.79419747652648
2.17015511200645
12.0099019726669
5.23663850394776
-3.58385139761224
-0.867754336973125
9.67187559444728
13.5251472614905
4.52257693408336
5.64150247746762
5.3893988690816
-4.89589676683843
3.45249974829484
13.0560967474991
5.74340080251176
1.13411100140019
4.74510069668778
11.4089504371193
6.45419964247088
-1.8344293079177
4.73084472541323
2.95907998667774
-0.135977209585098
13.5251472614905
